 t              planeWave_Unnamed_point_outRq_Ex_50_50_50.dat       incid
     0.00000000000000E+000     0.00000000000000E+000     0.00000000000000E+000
     0.38516665412658E-008     0.00000000000000E+000     0.00000000000000E+000
     0.77033330825316E-008     0.00000000000000E+000     0.00000000000000E+000
     0.11554999623797E-007     0.00000000000000E+000     0.00000000000000E+000
     0.15406666165063E-007     0.00000000000000E+000     0.00000000000000E+000
     0.19258333594507E-007     0.00000000000000E+000     0.00000000000000E+000
     0.23109999247595E-007     0.00000000000000E+000     0.00000000000000E+000
     0.26961664900682E-007     0.00000000000000E+000     0.00000000000000E+000
     0.30813332330126E-007     0.00000000000000E+000     0.00000000000000E+000
     0.34664999759570E-007     0.00000000000000E+000     0.00000000000000E+000
     0.38516667189015E-007     0.00000000000000E+000     0.00000000000000E+000
     0.42368331065745E-007     0.00000000000000E+000     0.00000000000000E+000
     0.46219998495189E-007     0.00000000000000E+000     0.00000000000000E+000
     0.50071665924634E-007     0.00000000000000E+000     0.00000000000000E+000
     0.53923329801364E-007     0.00000000000000E+000     0.00000000000000E+000
     0.57774997230808E-007     0.00000000000000E+000     0.00000000000000E+000
     0.61626664660253E-007     0.00000000000000E+000     0.00000000000000E+000
     0.65478332089697E-007     0.00000000000000E+000     0.00000000000000E+000
     0.69329999519141E-007     0.00000000000000E+000     0.00000000000000E+000
     0.73181666948585E-007     0.00000000000000E+000     0.00000000000000E+000
     0.77033334378029E-007     0.00000000000000E+000     0.00000000000000E+000
     0.80884994702046E-007     0.00000000000000E+000     0.00000000000000E+000
     0.84736662131490E-007     0.00000000000000E+000     0.00000000000000E+000
     0.88588329560935E-007     0.00000000000000E+000     0.00000000000000E+000
     0.92439996990379E-007     0.00000000000000E+000     0.00000000000000E+000
     0.96291664419823E-007     0.00000000000000E+000     0.00000000000000E+000
     0.10014333184927E-006     0.00000000000000E+000     0.00000000000000E+000
     0.10399499927871E-006     0.00000000000000E+000     0.00000000000000E+000
     0.10784665960273E-006     0.00000000000000E+000     0.00000000000000E+000
     0.11169832703217E-006     0.00000000000000E+000     0.00000000000000E+000
     0.11554999446162E-006     0.77592796208822E-025     0.00000000000000E+000
     0.11940166189106E-006     0.39150985288111E-023     0.00000000000000E+000
     0.12325332932051E-006     0.99639026698098E-022     0.00000000000000E+000
     0.12710499674995E-006     0.17049476816489E-020     0.00000000000000E+000
     0.13095666417939E-006     0.22061540246946E-019     0.00000000000000E+000
     0.13480833160884E-006     0.23021547971299E-018     0.00000000000000E+000
     0.13865999903828E-006     0.20176368230580E-017     0.00000000000000E+000
     0.14251166646773E-006     0.15272470568861E-016     0.00000000000000E+000
     0.14636333389717E-006     0.10190795001737E-015     0.00000000000000E+000
     0.15021500132661E-006     0.60884315320077E-015     0.00000000000000E+000
     0.15406666875606E-006     0.32970863350992E-014     0.00000000000000E+000
     0.15791832197465E-006     0.16345155819651E-013     0.00000000000000E+000
     0.16176998940409E-006     0.74788631776283E-013     0.00000000000000E+000
     0.16562165683354E-006     0.31802040384790E-012     0.00000000000000E+000
     0.16947332426298E-006     0.12641322450629E-011     0.00000000000000E+000
     0.17332499169243E-006     0.47211453496621E-011     0.00000000000000E+000
     0.17717665912187E-006     0.16639559521914E-010     0.00000000000000E+000
     0.18102832655131E-006     0.55561527601000E-010     0.00000000000000E+000
     0.18487999398076E-006     0.17638389360197E-009     0.00000000000000E+000
     0.18873166141020E-006     0.53402077204723E-009     0.00000000000000E+000
     0.19258332883965E-006     0.15463459401843E-008     0.00000000000000E+000
     0.19643499626909E-006     0.42936911803793E-008     0.00000000000000E+000
     0.20028666369853E-006     0.11459459159369E-007     0.00000000000000E+000
     0.20413833112798E-006     0.29461775241657E-007     0.00000000000000E+000
     0.20798999855742E-006     0.73113078258302E-007     0.00000000000000E+000
     0.21184166598687E-006     0.17546346953168E-006     0.00000000000000E+000
     0.21569331920546E-006     0.40793054267851E-006     0.00000000000000E+000
     0.21954498663490E-006     0.92021127784392E-006     0.00000000000000E+000
     0.22339665406435E-006     0.20170996322122E-005     0.00000000000000E+000
     0.22724832149379E-006     0.43021509554819E-005     0.00000000000000E+000
     0.23109998892323E-006     0.89389395725448E-005     0.00000000000000E+000
     0.23495165635268E-006     0.18113216356141E-004     0.00000000000000E+000
     0.23880332378212E-006     0.35828197724186E-004     0.00000000000000E+000
     0.24265500542242E-006     0.69235546106938E-004     0.00000000000000E+000
     0.24650665864101E-006     0.13080035569146E-003     0.00000000000000E+000
     0.25035831185960E-006     0.24172032135539E-003     0.00000000000000E+000
     0.25420999349990E-006     0.43716133222915E-003     0.22083964722697E-004
     0.25806164671849E-006     0.77401491580531E-003     0.52823823352810E-004
     0.26191332835879E-006     0.13419911265373E-002     0.12176028394606E-003
     0.26576498157738E-006     0.22788716014475E-002     0.27046076138504E-003
     0.26961666321768E-006     0.37905736826360E-002     0.57893374469131E-003
     0.27346831643627E-006     0.61762090772390E-002     0.11941983830184E-002
     0.27731999807656E-006     0.98574273288250E-002     0.23738588206470E-002
     0.28117165129515E-006     0.15409950166941E-001     0.45473380014300E-002
     0.28502333293545E-006     0.23593226447701E-001     0.83944201469421E-002
     0.28887498615404E-006     0.35371802747250E-001     0.14933223836124E-001
     0.29272666779434E-006     0.51919415593147E-001     0.25600463151932E-001
     0.29657832101293E-006     0.74594691395760E-001     0.42293552309275E-001
     0.30043000265323E-006     0.10487645864487E+000     0.67334160208702E-001
     0.30428165587182E-006     0.14424765110016E+000     0.10330775380135E+000
     0.30813333751212E-006     0.19402144849300E+000     0.15274444222450E+000
     0.31198499073071E-006     0.25511085987091E+000     0.21763759851456E+000
     0.31583664394930E-006     0.32775545120239E+000     0.29884314537048E+000
     0.31968832558960E-006     0.41123285889626E+000     0.39545351266861E+000
     0.32353997880818E-006     0.50359922647476E+000     0.50429874658585E+000
     0.32739166044848E-006     0.60151374340057E+000     0.61976253986359E+000
     0.33124331366707E-006     0.70020848512650E+000     0.73401892185211E+000
     0.33509499530737E-006     0.79365837574005E+000     0.83779382705688E+000
     0.33894664852596E-006     0.87498527765274E+000     0.92154115438461E+000
     0.34279833016626E-006     0.93709415197372E+000     0.97688418626785E+000
     0.34664998338485E-006     0.97349315881729E+000     0.99798303842545E+000
     0.35050166502515E-006     0.97919887304306E+000     0.98255586624146E+000
     0.35435331824374E-006     0.95158600807190E+000     0.93228077888489E+000
     0.35820499988404E-006     0.89102011919022E+000     0.85249704122543E+000
     0.36205665310263E-006     0.80112224817276E+000     0.75127434730530E+000
     0.36590833474293E-006     0.68856036663055E+000     0.63806486129761E+000
     0.36975998796152E-006     0.56234514713287E+000     0.52226895093918E+000
     0.37361164118010E-006     0.43270450830460E+000     0.41199195384979E+000
     0.37746332282040E-006     0.30971091985703E+000     0.31321901082993E+000
     0.38131497603899E-006     0.20190466940403E+000     0.22949773073196E+000
     0.38516665767929E-006     0.11517537385225E+000     0.16206105053425E+000
     0.38901831089788E-006     0.52125282585621E-001     0.11029408872128E+000
     0.39286999253818E-006     0.12037724256516E-001     0.72343043982983E-001
     0.39672164575677E-006    -0.85589904338121E-002     0.45731998980045E-001
     0.40057332739707E-006    -0.14877844601870E-001     0.27862619608641E-001
     0.40442498061566E-006    -0.12655748054385E-001     0.16360854730010E-001
     0.40827666225596E-006    -0.70167318917811E-002     0.92591457068920E-002
     0.41212831547455E-006    -0.16627968288958E-002     0.50503672100604E-002
     0.41597999711485E-006     0.14637368731201E-002     0.26549671310931E-002
     0.41983165033344E-006     0.20391552243382E-002     0.13451996492222E-002
     0.42368333197373E-006     0.85865438450128E-003     0.65690791234374E-003
     0.42753498519232E-006    -0.82085712347180E-003     0.30918628908694E-003
     0.43138663841091E-006    -0.18805890576914E-002     0.14025815471541E-003
     0.43523832005121E-006    -0.17205843469128E-002     0.61324266425800E-004
     0.43908997326980E-006    -0.35685254260898E-003     0.25842793547781E-004
     0.44294165491010E-006     0.17259621527046E-002     0.10496511094971E-004
     0.44679330812869E-006     0.38543881382793E-002     0.41092321225733E-005
     0.45064498976899E-006     0.54455087520182E-002     0.15505122519244E-005
     0.45449664298758E-006     0.61833239160478E-002     0.56390189229205E-006
     0.45834832462788E-006     0.60517909005284E-002     0.19766838477153E-006
     0.46219997784647E-006     0.52498541772366E-002     0.66786419949949E-007
     0.46605165948677E-006     0.40557067841291E-002     0.21749425371809E-007
     0.46990331270536E-006     0.27115871198475E-002     0.68270260555892E-008
     0.47375499434565E-006     0.13719747075811E-002     0.20654735699566E-008
     0.47760664756424E-006     0.11677131988108E-003     0.60233606991034E-009
     0.48145830078283E-006    -0.10014601284638E-002     0.16930892798861E-009
     0.48531001084484E-006    -0.19174350891262E-002     0.45870245102275E-010
     0.48916166406343E-006    -0.25479272007942E-002     0.11979086125824E-010
     0.49301331728202E-006    -0.28220983222127E-002     0.30153401477107E-011
     0.49686497050061E-006    -0.27247301768512E-002     0.73161897547191E-012
     0.50071662371920E-006    -0.23224377073348E-002     0.17110523609955E-012
     0.50456833378121E-006    -0.17535320948809E-002     0.38570099262884E-013
     0.50841998699980E-006    -0.11834095930681E-002     0.32029991858676E-014
     0.51227164021839E-006    -0.74702769052237E-003     0.00000000000000E+000
     0.51612329343698E-006    -0.50669279880822E-003     0.00000000000000E+000
     0.51997500349898E-006    -0.44396764133126E-003     0.00000000000000E+000
     0.52382665671757E-006    -0.48615186824463E-003     0.00000000000000E+000
     0.52767830993616E-006    -0.55089435772970E-003     0.00000000000000E+000
     0.53152996315475E-006    -0.58497983263806E-003     0.00000000000000E+000
     0.53538167321676E-006    -0.57895149802789E-003     0.00000000000000E+000
     0.53923332643535E-006    -0.55473844986409E-003     0.00000000000000E+000
     0.54308497965394E-006    -0.53870759438723E-003     0.00000000000000E+000
     0.54693663287253E-006    -0.53844606736675E-003     0.00000000000000E+000
     0.55078834293454E-006    -0.53656339878216E-003     0.00000000000000E+000
     0.55463999615313E-006    -0.50311652012169E-003     0.00000000000000E+000
     0.55849164937172E-006    -0.41665270691738E-003     0.00000000000000E+000
     0.56234330259031E-006    -0.27952104574069E-003     0.00000000000000E+000
     0.56619495580890E-006    -0.11851670569740E-003     0.00000000000000E+000
     0.57004666587090E-006     0.27990507078357E-004     0.00000000000000E+000
     0.57389831908949E-006     0.12781936675310E-003     0.00000000000000E+000
     0.57774997230808E-006     0.16760035941843E-003     0.00000000000000E+000
     0.58160162552667E-006     0.15453812375199E-003     0.00000000000000E+000
     0.58545333558868E-006     0.10871545237023E-003     0.00000000000000E+000
     0.58930498880727E-006     0.52431591029745E-004     0.00000000000000E+000
     0.59315664202586E-006     0.29463481041603E-005     0.00000000000000E+000
     0.59700829524445E-006    -0.28914095310029E-004     0.00000000000000E+000
     0.60086000530646E-006    -0.36048095353181E-004     0.00000000000000E+000
     0.60471165852505E-006    -0.12369924661471E-004     0.00000000000000E+000
     0.60856331174364E-006     0.46146167733241E-004     0.00000000000000E+000
     0.61241496496223E-006     0.13600886450149E-003     0.00000000000000E+000
     0.61626667502424E-006     0.24008337641135E-003     0.00000000000000E+000
     0.62011832824282E-006     0.32720059971325E-003     0.00000000000000E+000
     0.62396998146141E-006     0.36163014010526E-003     0.00000000000000E+000
     0.62782163468000E-006     0.31936381128617E-003     0.00000000000000E+000
     0.63167328789859E-006     0.20159134874120E-003     0.00000000000000E+000
     0.63552499796060E-006     0.36409255699255E-004     0.00000000000000E+000
     0.63937665117919E-006    -0.13235959340818E-003     0.00000000000000E+000
     0.64322830439778E-006    -0.26221876032650E-003     0.00000000000000E+000
     0.64707995761637E-006    -0.32556100632064E-003     0.00000000000000E+000
     0.65093166767838E-006    -0.31430166563950E-003     0.00000000000000E+000
     0.65478332089697E-006    -0.23651574156247E-003     0.00000000000000E+000
     0.65863497411556E-006    -0.10999062214978E-003     0.00000000000000E+000
     0.66248662733415E-006     0.43066189391539E-004     0.00000000000000E+000
     0.66633833739616E-006     0.19904163491447E-003     0.00000000000000E+000
     0.67018999061474E-006     0.33454282674938E-003     0.00000000000000E+000
     0.67404164383333E-006     0.42779927025549E-003     0.00000000000000E+000
     0.67789329705192E-006     0.46091951662675E-003     0.00000000000000E+000
     0.68174495027051E-006     0.42372278403491E-003     0.00000000000000E+000
     0.68559666033252E-006     0.31831115484238E-003     0.00000000000000E+000
     0.68944831355111E-006     0.16140588559210E-003     0.00000000000000E+000
     0.69329996676970E-006    -0.18683567759581E-004     0.00000000000000E+000
     0.69715161998829E-006    -0.19023766799364E-003     0.00000000000000E+000
     0.70100333005030E-006    -0.32701325835660E-003     0.00000000000000E+000
     0.70485498326889E-006    -0.41291257366538E-003     0.00000000000000E+000
     0.70870663648748E-006    -0.44132198672742E-003     0.00000000000000E+000
     0.71255828970607E-006    -0.41192380012944E-003     0.00000000000000E+000
     0.71640999976808E-006    -0.32851358992048E-003     0.00000000000000E+000
     0.72026165298666E-006    -0.19928596157115E-003     0.00000000000000E+000
     0.72411330620525E-006    -0.38235288229771E-004     0.00000000000000E+000
     0.72796495942384E-006     0.13483036309481E-003     0.00000000000000E+000
     0.73181666948585E-006     0.29656244441867E-003     0.00000000000000E+000
     0.73566832270444E-006     0.42366603156552E-003     0.00000000000000E+000
     0.73951997592303E-006     0.49719138769433E-003     0.00000000000000E+000
     0.74337162914162E-006     0.50715485122055E-003     0.00000000000000E+000
     0.74722328236021E-006     0.45518661499955E-003     0.00000000000000E+000
     0.75107499242222E-006     0.35253781243227E-003     0.00000000000000E+000
     0.75492664564081E-006     0.21470389037859E-003     0.00000000000000E+000
     0.75877829885940E-006     0.57302153436467E-004     0.00000000000000E+000
     0.76262995207799E-006    -0.10409539390821E-003     0.00000000000000E+000
     0.76648166214000E-006    -0.25197677314281E-003     0.00000000000000E+000
     0.77033331535858E-006    -0.36653236020356E-003     0.00000000000000E+000
     0.77418496857717E-006    -0.42886685696431E-003     0.00000000000000E+000
     0.77803662179576E-006    -0.42603621841408E-003     0.00000000000000E+000
     0.78188833185777E-006    -0.35429984563962E-003     0.00000000000000E+000
     0.78573998507636E-006    -0.21921804000158E-003     0.00000000000000E+000
     0.78959163829495E-006    -0.34291020710953E-004     0.00000000000000E+000
     0.79344329151354E-006     0.18075449042954E-003     0.00000000000000E+000
     0.79729500157555E-006     0.40287262527272E-003     0.00000000000000E+000
