 t              planeWave_Unnamed_point_outRq_Ey_50_50_50.dat       incid
     0.00000000000000E+000     0.00000000000000E+000     0.00000000000000E+000
     0.38516665412658E-008     0.00000000000000E+000     0.00000000000000E+000
     0.77033330825316E-008     0.00000000000000E+000     0.00000000000000E+000
     0.11554999623797E-007     0.00000000000000E+000     0.00000000000000E+000
     0.15406666165063E-007     0.00000000000000E+000     0.00000000000000E+000
     0.19258333594507E-007     0.00000000000000E+000     0.00000000000000E+000
     0.23109999247595E-007     0.00000000000000E+000     0.00000000000000E+000
     0.26961664900682E-007     0.00000000000000E+000     0.00000000000000E+000
     0.30813332330126E-007     0.00000000000000E+000     0.00000000000000E+000
     0.34664999759570E-007     0.00000000000000E+000     0.00000000000000E+000
     0.38516667189015E-007     0.00000000000000E+000     0.00000000000000E+000
     0.42368331065745E-007     0.00000000000000E+000     0.00000000000000E+000
     0.46219998495189E-007     0.00000000000000E+000     0.00000000000000E+000
     0.50071665924634E-007     0.00000000000000E+000     0.00000000000000E+000
     0.53923329801364E-007     0.00000000000000E+000     0.00000000000000E+000
     0.57774997230808E-007     0.00000000000000E+000     0.00000000000000E+000
     0.61626664660253E-007     0.00000000000000E+000     0.00000000000000E+000
     0.65478332089697E-007     0.00000000000000E+000     0.00000000000000E+000
     0.69329999519141E-007     0.00000000000000E+000     0.00000000000000E+000
     0.73181666948585E-007     0.00000000000000E+000     0.00000000000000E+000
     0.77033334378029E-007     0.00000000000000E+000     0.00000000000000E+000
     0.80884994702046E-007     0.00000000000000E+000     0.00000000000000E+000
     0.84736662131490E-007     0.00000000000000E+000     0.00000000000000E+000
     0.88588329560935E-007     0.00000000000000E+000     0.00000000000000E+000
     0.92439996990379E-007     0.00000000000000E+000     0.00000000000000E+000
     0.96291664419823E-007     0.00000000000000E+000     0.00000000000000E+000
     0.10014333184927E-006     0.00000000000000E+000     0.00000000000000E+000
     0.10399499927871E-006     0.00000000000000E+000     0.00000000000000E+000
     0.10784665960273E-006     0.00000000000000E+000     0.00000000000000E+000
     0.11169832703217E-006     0.00000000000000E+000     0.00000000000000E+000
     0.11554999446162E-006     0.00000000000000E+000     0.00000000000000E+000
     0.11940166189106E-006     0.00000000000000E+000     0.00000000000000E+000
     0.12325332932051E-006     0.00000000000000E+000     0.00000000000000E+000
     0.12710499674995E-006     0.00000000000000E+000     0.00000000000000E+000
     0.13095666417939E-006     0.00000000000000E+000     0.00000000000000E+000
     0.13480833160884E-006     0.00000000000000E+000     0.00000000000000E+000
     0.13865999903828E-006     0.00000000000000E+000     0.00000000000000E+000
     0.14251166646773E-006     0.00000000000000E+000     0.00000000000000E+000
     0.14636333389717E-006     0.00000000000000E+000     0.00000000000000E+000
     0.15021500132661E-006     0.00000000000000E+000     0.00000000000000E+000
     0.15406666875606E-006     0.00000000000000E+000     0.00000000000000E+000
     0.15791832197465E-006     0.00000000000000E+000     0.00000000000000E+000
     0.16176998940409E-006     0.00000000000000E+000     0.00000000000000E+000
     0.16562165683354E-006     0.00000000000000E+000     0.00000000000000E+000
     0.16947332426298E-006     0.00000000000000E+000     0.00000000000000E+000
     0.17332499169243E-006     0.00000000000000E+000     0.00000000000000E+000
     0.17717665912187E-006     0.00000000000000E+000     0.00000000000000E+000
     0.18102832655131E-006     0.00000000000000E+000     0.00000000000000E+000
     0.18487999398076E-006     0.00000000000000E+000     0.00000000000000E+000
     0.18873166141020E-006     0.00000000000000E+000     0.00000000000000E+000
     0.19258332883965E-006     0.00000000000000E+000     0.00000000000000E+000
     0.19643499626909E-006     0.00000000000000E+000     0.00000000000000E+000
     0.20028666369853E-006     0.00000000000000E+000     0.00000000000000E+000
     0.20413833112798E-006     0.00000000000000E+000     0.00000000000000E+000
     0.20798999855742E-006     0.00000000000000E+000     0.00000000000000E+000
     0.21184166598687E-006     0.00000000000000E+000     0.00000000000000E+000
     0.21569331920546E-006     0.00000000000000E+000     0.00000000000000E+000
     0.21954498663490E-006     0.00000000000000E+000     0.00000000000000E+000
     0.22339665406435E-006     0.00000000000000E+000     0.00000000000000E+000
     0.22724832149379E-006     0.00000000000000E+000     0.00000000000000E+000
     0.23109998892323E-006     0.00000000000000E+000     0.00000000000000E+000
     0.23495165635268E-006    -0.15599140643198E-033     0.00000000000000E+000
     0.23880332378212E-006    -0.11276897873734E-031     0.00000000000000E+000
     0.24265500542242E-006    -0.40575182678237E-030     0.00000000000000E+000
     0.24650665864101E-006    -0.96887637341667E-029     0.00000000000000E+000
     0.25035831185960E-006    -0.17273154096068E-027     0.00000000000000E+000
     0.25420999349990E-006    -0.24524327762710E-026     0.00000000000000E+000
     0.25806164671849E-006    -0.28884465600898E-025     0.00000000000000E+000
     0.26191332835879E-006    -0.29026420504495E-024     0.00000000000000E+000
     0.26576498157738E-006    -0.25405117541223E-023     0.00000000000000E+000
     0.26961666321768E-006    -0.19672794692410E-022     0.00000000000000E+000
     0.27346831643627E-006    -0.13645848467145E-021     0.00000000000000E+000
     0.27731999807656E-006    -0.85638012856583E-021     0.00000000000000E+000
     0.28117165129515E-006    -0.49028246986047E-020     0.00000000000000E+000
     0.28502333293545E-006    -0.25783772224078E-019     0.00000000000000E+000
     0.28887498615404E-006    -0.12529343512432E-018     0.00000000000000E+000
     0.29272666779434E-006    -0.56546149392186E-018     0.00000000000000E+000
     0.29657832101293E-006    -0.23806574425860E-017     0.00000000000000E+000
     0.30043000265323E-006    -0.93863401838975E-017     0.00000000000000E+000
     0.30428165587182E-006    -0.34775791299917E-016     0.00000000000000E+000
     0.30813333751212E-006    -0.12028552094814E-015     0.00000000000000E+000
     0.31198499073071E-006    -0.39781209417242E-015     0.00000000000000E+000
     0.31583664394930E-006    -0.12506059242592E-014     0.00000000000000E+000
     0.31968832558960E-006    -0.38613030280783E-014     0.00000000000000E+000
     0.32353997880818E-006    -0.10946601494721E-013     0.00000000000000E+000
     0.32739166044848E-006    -0.29063767180686E-013     0.00000000000000E+000
     0.33124331366707E-006    -0.74417468715060E-013     0.00000000000000E+000
     0.33509499530737E-006    -0.18462610455218E-012     0.00000000000000E+000
     0.33894664852596E-006    -0.29107766544301E-011     0.00000000000000E+000
     0.34279833016626E-006     0.48925273554712E-012     0.00000000000000E+000
     0.34664998338485E-006     0.56235051337783E-010     0.00000000000000E+000
     0.35050166502515E-006     0.23740304166964E-009     0.00000000000000E+000
     0.35435331824374E-006     0.48613602032788E-009     0.00000000000000E+000
     0.35820499988404E-006     0.24501876083605E-008     0.00000000000000E+000
     0.36205665310263E-006    -0.44505865659517E-008     0.00000000000000E+000
     0.36590833474293E-006    -0.10645685222244E-007     0.00000000000000E+000
     0.36975998796152E-006    -0.91818144198896E-008     0.00000000000000E+000
     0.37361164118010E-006    -0.52057087529533E-008     0.00000000000000E+000
     0.37746332282040E-006     0.11038632230509E-007     0.00000000000000E+000
     0.38131497603899E-006    -0.45161590023213E-008     0.00000000000000E+000
     0.38516665767929E-006    -0.41269753836559E-007     0.00000000000000E+000
     0.38901831089788E-006    -0.30940530137968E-007     0.00000000000000E+000
     0.39286999253818E-006     0.20152718605004E-007     0.00000000000000E+000
     0.39672164575677E-006     0.25567903350066E-007     0.00000000000000E+000
     0.40057332739707E-006    -0.23902220647187E-007     0.00000000000000E+000
     0.40442498061566E-006    -0.48182300815824E-007     0.00000000000000E+000
     0.40827666225596E-006    -0.27286400694493E-007     0.00000000000000E+000
     0.41212831547455E-006    -0.18271443025242E-007     0.00000000000000E+000
     0.41597999711485E-006    -0.35575538959165E-007     0.00000000000000E+000
     0.41983165033344E-006    -0.40241065590862E-007     0.00000000000000E+000
     0.42368333197373E-006    -0.31631948615995E-007     0.00000000000000E+000
     0.42753498519232E-006    -0.47109267597989E-007     0.00000000000000E+000
     0.43138663841091E-006    -0.85453066844821E-007     0.00000000000000E+000
     0.43523832005121E-006    -0.10472135159034E-006     0.00000000000000E+000
     0.43908997326980E-006    -0.88584208413067E-007     0.00000000000000E+000
     0.44294165491010E-006    -0.65552484329601E-007     0.00000000000000E+000
     0.44679330812869E-006    -0.62912327791764E-007     0.00000000000000E+000
     0.45064498976899E-006    -0.72763072012094E-007     0.00000000000000E+000
     0.45449664298758E-006    -0.71230211062812E-007     0.00000000000000E+000
     0.45834832462788E-006    -0.48507835970213E-007     0.00000000000000E+000
     0.46219997784647E-006    -0.11100208752168E-007     0.00000000000000E+000
     0.46605165948677E-006     0.24355259142794E-007     0.00000000000000E+000
     0.46990331270536E-006     0.38635484145289E-007     0.00000000000000E+000
     0.47375499434565E-006     0.33190108439385E-007     0.00000000000000E+000
     0.47760664756424E-006     0.35017475141785E-007     0.00000000000000E+000
     0.48145830078283E-006     0.51953698232410E-007     0.00000000000000E+000
     0.48531001084484E-006     0.57219978089051E-007     0.00000000000000E+000
     0.48916166406343E-006     0.45212640742420E-007     0.00000000000000E+000
     0.49301331728202E-006     0.44787462627482E-007     0.00000000000000E+000
     0.49686497050061E-006     0.55534862042350E-007     0.00000000000000E+000
     0.50071662371920E-006     0.44694662193479E-007     0.00000000000000E+000
     0.50456833378121E-006     0.19364845726955E-007     0.00000000000000E+000
     0.50841998699980E-006     0.19273603157899E-007     0.00000000000000E+000
     0.51227164021839E-006     0.39680010388565E-007     0.00000000000000E+000
     0.51612329343698E-006     0.40702389014768E-007     0.00000000000000E+000
     0.51997500349898E-006     0.18223358821956E-007     0.00000000000000E+000
     0.52382665671757E-006     0.23571455898264E-008     0.00000000000000E+000
     0.52767830993616E-006     0.76159514250662E-008     0.00000000000000E+000
     0.53152996315475E-006     0.23416319550051E-007     0.00000000000000E+000
     0.53538167321676E-006     0.32295563556772E-007     0.00000000000000E+000
     0.53923332643535E-006     0.25968832417789E-007     0.00000000000000E+000
     0.54308497965394E-006     0.15442516598796E-007     0.00000000000000E+000
     0.54693663287253E-006     0.11529237120556E-007     0.00000000000000E+000
     0.55078834293454E-006     0.26765123450900E-008     0.00000000000000E+000
     0.55463999615313E-006    -0.13476538107682E-007     0.00000000000000E+000
     0.55849164937172E-006    -0.83400859551830E-008     0.00000000000000E+000
     0.56234330259031E-006     0.20132931766170E-007     0.00000000000000E+000
     0.56619495580890E-006     0.22708313451858E-007     0.00000000000000E+000
     0.57004666587090E-006    -0.15590963187151E-007     0.00000000000000E+000
     0.57389831908949E-006    -0.36986222085034E-007     0.00000000000000E+000
     0.57774997230808E-006    -0.88533518294298E-008     0.00000000000000E+000
     0.58160162552667E-006     0.20605344985825E-007     0.00000000000000E+000
     0.58545333558868E-006     0.99958654686816E-008     0.00000000000000E+000
     0.58930498880727E-006    -0.12489126177684E-007     0.00000000000000E+000
     0.59315664202586E-006    -0.12973250029802E-007     0.00000000000000E+000
     0.59700829524445E-006    -0.55190136905026E-008     0.00000000000000E+000
     0.60086000530646E-006    -0.79676345521307E-008     0.00000000000000E+000
     0.60471165852505E-006    -0.67302865502938E-008     0.00000000000000E+000
     0.60856331174364E-006     0.35139775533821E-008     0.00000000000000E+000
     0.61241496496223E-006    -0.81750339830933E-009     0.00000000000000E+000
     0.61626667502424E-006    -0.22225329132652E-007     0.00000000000000E+000
     0.62011832824282E-006    -0.23113452485291E-007     0.00000000000000E+000
     0.62396998146141E-006     0.75206845195908E-008     0.00000000000000E+000
     0.62782163468000E-006     0.22121781739770E-007     0.00000000000000E+000
     0.63167328789859E-006    -0.69870385033255E-008     0.00000000000000E+000
     0.63552499796060E-006    -0.33173066071868E-007     0.00000000000000E+000
     0.63937665117919E-006    -0.12371231150610E-007     0.00000000000000E+000
     0.64322830439778E-006     0.19387670135984E-007     0.00000000000000E+000
     0.64707995761637E-006     0.70631935855658E-008     0.00000000000000E+000
     0.65093166767838E-006    -0.28068630086864E-007     0.00000000000000E+000
     0.65478332089697E-006    -0.23357603851082E-007     0.00000000000000E+000
     0.65863497411556E-006     0.16462198715317E-007     0.00000000000000E+000
     0.66248662733415E-006     0.21281627127223E-007     0.00000000000000E+000
     0.66633833739616E-006    -0.24146805444047E-007     0.00000000000000E+000
     0.67018999061474E-006    -0.44113882324837E-007     0.00000000000000E+000
     0.67404164383333E-006    -0.57805493725027E-009     0.00000000000000E+000
     0.67789329705192E-006     0.32704910779557E-007     0.00000000000000E+000
     0.68174495027051E-006     0.44754600025954E-009     0.00000000000000E+000
     0.68559666033252E-006    -0.32407051264727E-007     0.00000000000000E+000
     0.68944831355111E-006    -0.69102590316561E-008     0.00000000000000E+000
     0.69329996676970E-006     0.18598838025241E-007     0.00000000000000E+000
     0.69715161998829E-006    -0.10058869293061E-007     0.00000000000000E+000
     0.70100333005030E-006    -0.36644070888769E-007     0.00000000000000E+000
     0.70485498326889E-006    -0.92910674709401E-008     0.00000000000000E+000
     0.70870663648748E-006     0.23586629538386E-007     0.00000000000000E+000
     0.71255828970607E-006     0.92434033760469E-008     0.00000000000000E+000
     0.71640999976808E-006    -0.25444695239685E-007     0.00000000000000E+000
     0.72026165298666E-006    -0.29848767013618E-007     0.00000000000000E+000
     0.72411330620525E-006     0.21260149196678E-008     0.00000000000000E+000
     0.72796495942384E-006     0.28162746801286E-007     0.00000000000000E+000
     0.73181666948585E-006     0.47887684928583E-008     0.00000000000000E+000
     0.73566832270444E-006    -0.40313082649845E-007     0.00000000000000E+000
     0.73951997592303E-006    -0.31973137026853E-007     0.00000000000000E+000
     0.74337162914162E-006     0.19126417782900E-007     0.00000000000000E+000
     0.74722328236021E-006     0.21671514360833E-007     0.00000000000000E+000
     0.75107499242222E-006    -0.22928073661888E-007     0.00000000000000E+000
     0.75492664564081E-006    -0.22295978396869E-007     0.00000000000000E+000
     0.75877829885940E-006     0.17364779836271E-007     0.00000000000000E+000
     0.76262995207799E-006     0.71069443663418E-008     0.00000000000000E+000
     0.76648166214000E-006    -0.37039495026647E-007     0.00000000000000E+000
     0.77033331535858E-006    -0.28902222837246E-007     0.00000000000000E+000
     0.77418496857717E-006     0.17150464159954E-007     0.00000000000000E+000
     0.77803662179576E-006     0.27091340726315E-007     0.00000000000000E+000
     0.78188833185777E-006    -0.14068941567302E-008     0.00000000000000E+000
     0.78573998507636E-006    -0.27248782785705E-007     0.00000000000000E+000
     0.78959163829495E-006    -0.31756226093194E-007     0.00000000000000E+000
     0.79344329151354E-006    -0.98233314815843E-008     0.00000000000000E+000
     0.79729500157555E-006     0.18818420599587E-007     0.00000000000000E+000
